"","Year","mngmt.divisions","mngmt.area","deep.bound","shallow.bound","no.stations","WCPUE32.mean","WCPUE32.bootmean","WCPUE32.lo95ci","WCPUE32.hi95ci","WCPUE32.var","WCPUE32.cv","WCPUEall.mean","WCPUEall.bootmean","WCPUEall.lo95ci","WCPUEall.hi95ci","WCPUEall.var","WCPUEall.cv"
"1",1998,"SEdist","EYKT",382,0,29,0.0402804692429785,0.0394417736419249,0.0178869142479263,0.0653699558067727,0.000146633011170041,0.302653742560199,0.0347648406063427,0.034028865166688,0.0152003478982063,0.0572836551154362,0.000110427026635046,0.30299510375136
"2",1998,"SEdist","NSEO",382,0,8,0.0444558078808834,0.0439000442389548,0.0136124855777966,0.0751563413449784,0.000230729722287229,0.342067402868167,0.0365959515135629,0.036130657672882,0.0139219957504333,0.0616294274791429,0.000154954840582402,0.344527459965585
"3",1998,"SEdist","NSEI",382,0,28,0.00704081684996925,0.00661031031417553,0.00086910608215266,0.0155591268836308,1.49393118351052e-05,0.552160592060104,0.0064369876293557,0.00575840617348249,0.00057529001057158,0.0141483706569766,1.15849982055689e-05,0.548625480253641
"4",1998,"SEdist","CSEO",382,0,19,0.128754503715682,0.121515201423093,0.0501350617614132,0.240303538604302,0.00241134076023387,0.384634684783768,0.10069396944021,0.0995227177468539,0.0464731430820015,0.168266387416985,0.000964834039384165,0.306404929924811
"5",1998,"SEdist","SSEO",382,0,40,0.0392184571035977,0.0384430181659484,0.0208735009857996,0.0599961910650411,0.00010661133624386,0.263478435685924,0.037127149491343,0.0354596163109948,0.0192666571943499,0.0573185821504537,0.00010037284364307,0.276489898209413
"6",1998,"SEdist","SSEI",382,0,31,0.0422016494804406,0.0381872588526871,0.00623168337523617,0.097372060272368,0.000577190500930419,0.57221430404513,0.0367972354246863,0.0342455858830052,0.00471330229621338,0.0823187055383327,0.00040211638202652,0.555311192655688
"7",1999,"SEdist","EYKT",382,0,29,0.0279293194342867,0.0256099530400626,0.00971195055279995,0.0535097307727954,0.000124720172839693,0.411015158679133,0.0233687265576049,0.0229838600446435,0.00812874130804728,0.043942930886756,8.40767047799222e-05,0.385621870773661
"8",1999,"SEdist","NSEO",382,0,8,0.0218269807056454,0.0218269807056454,0.00596688575251924,0.0405258654170714,8.20705116311752e-05,0.405797036110449,0.0168171967736686,0.0167490046520678,0.00362037195027795,0.0314497549737125,5.27242320936373e-05,0.441485582546305
"9",1999,"SEdist","NSEI",382,0,28,0,0,0,0,0,NA,0,0,0,0,0,NA
"10",1999,"SEdist","CSEO",382,0,21,0.124971781930446,0.118978902550944,0.0277336427588744,0.24196401232844,0.0030488511508034,0.448060256338517,0.0830245941324446,0.0800349293073337,0.0262621873794461,0.159608008797705,0.0011837734147377,0.411320302509828
"11",1999,"SEdist","SSEO",382,0,38,0.0403667351813547,0.0398525332889736,0.0194266701960533,0.0641340236129998,0.000144341142166964,0.297376878167368,0.037973689134329,0.0376002202697135,0.0178906801260524,0.0630154636945881,0.000133449871074695,0.3035390958838
"12",1999,"SEdist","SSEI",382,0,31,0.0300281666971461,0.0299512326871141,0.0134998174894959,0.0510412010487702,9.25875861857828e-05,0.318126321828836,0.0280718085659655,0.027430528049142,0.0121494553799582,0.0452827849391835,7.45831357776754e-05,0.310778406466893
"13",2000,"SEdist","EYKT",382,0,29,0.0321850815950257,0.0317864084884591,0.0138180554840485,0.0537954711029308,0.000103321304059846,0.315046668589354,0.0227062924078146,0.0226780023679557,0.0104781827082507,0.0370079120773187,4.57363112085533e-05,0.294717001187364
"14",2000,"SEdist","NSEO",382,0,7,0.0159949514890164,0.0159949514890164,0.00242175705268582,0.0319970149125284,6.39446513100909e-05,0.502283561847493,0.0125725518490777,0.0125725518490777,0.00235177633224919,0.0245449377079577,3.4106534517195e-05,0.465247661169046
"15",2000,"SEdist","NSEI",382,0,28,0.00449885929934905,0.00419876876682107,0,0.0127357654060101,1.37717854681312e-05,0.819761380142764,0.00394827689052088,0.00374485491931814,0,0.0109352727419335,1.03517900111884e-05,0.804702132974615
"16",2000,"SEdist","CSEO",382,0,20,0.0370796234787216,0.0357632370003591,0.0189322363094311,0.0573557569465423,0.000105980337240851,0.280335224113695,0.0320054979627814,0.031833791910887,0.0166830588985355,0.0508253000481637,8.34127788108393e-05,0.282218336420671
"17",2000,"SEdist","SSEO",382,0,40,0.0607810099470775,0.0561633407085391,0.0235760773170272,0.123942391601065,0.000711714613792766,0.447517678786901,0.059002994498948,0.0558548066432042,0.0222162919408476,0.121452148699217,0.000734949640157168,0.462492527384769
"18",2000,"SEdist","SSEI",382,0,30,0.0267961390157339,0.0256601060821037,0.00984532247649543,0.0445917327580193,7.96872985451107e-05,0.339410840063975,0.0244805555702195,0.0237216444008099,0.0105628619291691,0.0402225056086474,5.81234979159193e-05,0.313427941936669
"19",2001,"SEdist","EYKT",382,0,29,0.0222489206597947,0.0219742164562868,0.00657173835687206,0.0425202846531116,9.29851420443506e-05,0.426230791862596,0.0194867886387746,0.0185199094460275,0.00460351237511749,0.0388923806000537,8.07198696856569e-05,0.467714854431754
"20",2001,"SEdist","NSEO",382,0,8,0.0222120981080016,0.0207923911702025,0,0.054451551155769,0.000199275063554523,0.647457690115112,0.0162015375460442,0.0154724318907889,0.00122801345059493,0.0378803202274084,0.000101718205643972,0.601722732118391
"21",2001,"SEdist","NSEI",382,0,28,0.00126715450863611,0.00126715450863611,0,0.00337256414174474,8.23226170131185e-07,0.715159027305173,0.00107734156838904,0.00107734156838904,0,0.00284107320890278,5.77781111458835e-07,0.713398121308758
"22",2001,"SEdist","CSEO",382,0,19,0.0484635209894027,0.048087195604492,0.026029331029233,0.0734659084041735,0.00013917502938983,0.243719498894553,0.0429802740915756,0.0424152072244892,0.0229737717508615,0.0651474574151723,0.000116843238261734,0.252877112958635
"23",2001,"SEdist","SSEO",382,0,40,0.0391095039309998,0.0377500834275941,0.0160949068951455,0.0728876967589679,0.000214033082204499,0.368496543841286,0.0355964418103835,0.0354446415213371,0.0136313295867245,0.0646852679210606,0.000162508093780186,0.35283150084864
"24",2001,"SEdist","SSEI",382,0,30,0.0274396027969529,0.0261593725744628,0.00841136356339352,0.0504110720862398,0.000113271604993943,0.388515196459087,0.0244947188846307,0.0236543459340708,0.00843836301640426,0.0459307473446307,9.26538090185732e-05,0.392046828628806
"25",2002,"SEdist","EYKT",382,0,29,0.00451667278161712,0.00452129275738708,0.00139073098951246,0.0085967433220403,3.41105600474032e-06,0.399957451761563,0.00401563388646382,0.00396547700131527,0.00119269451280203,0.00769725110639741,2.82076116913719e-06,0.412438833056393
"26",2002,"SEdist","NSEO",382,0,8,0.0199348626510044,0.0199348626510044,0.00234097633136095,0.0418097754293263,0.000100983937263252,0.497430692398367,0.0158615844610269,0.0147036576317586,0.00231585365853659,0.0349103484566741,7.31483577739729e-05,0.542615264990119
"27",2002,"SEdist","NSEI",382,0,28,0.00183136046353197,0.00183136046353197,0,0.00549408139059591,3.14875388201725e-06,0.978724205348226,0.00172798598698085,0.00172798598698085,0,0.00518395796094254,3.02498288081397e-06,0.964097031544841
"28",2002,"SEdist","CSEO",382,0,22,0.0364343490092288,0.035562866009615,0.0159038488631892,0.0600017965230354,0.000125517265258304,0.307153609498051,0.0320758167025547,0.0314789403188112,0.0146010375688716,0.0548698641178337,9.99659071175962e-05,0.312677398874403
"29",2002,"SEdist","SSEO",382,0,37,0.0322280902591859,0.0322358180832498,0.0182050719211247,0.0498247053883298,6.21748941714999e-05,0.242740841632778,0.0303145924181472,0.029722236018705,0.0165899569692867,0.0467513056573873,6.17999391744132e-05,0.259814340064651
"30",2002,"SEdist","SSEI",382,0,30,0.0877069866676203,0.0866098577286192,0.0361015652831997,0.151310850424448,0.000895064281800053,0.337548021730304,0.0819424299547547,0.079472233822301,0.032420487217675,0.138732187567695,0.000784057529831237,0.345665468634401
"31",2003,"SEdist","EYKT",382,0,29,0.0136028602731379,0.0132615401247024,0.00497055951750819,0.0238008238850385,2.48911679616309e-05,0.363405372360992,0.0114743809459906,0.0112292756498199,0.00398761047242378,0.0201174433599371,1.8126058000329e-05,0.373797144191851
"32",2003,"SEdist","NSEO",382,0,8,0.0532036981178347,0.050917393659672,0.0131828391942824,0.106703386015118,0.00063002386787826,0.475921396467051,0.0353952245201694,0.031823967929923,0.00705292479108635,0.075513991562256,0.00031863365387701,0.527268235720727
"33",2003,"SEdist","NSEI",382,0,28,0.00147786745192478,0.00147786745192478,0,0.0035840498085601,9.89137338651471e-07,0.661950193609466,0.00134516261868453,0.00134516261868453,0,0.00344844911296638,8.29152624888298e-07,0.681787179445889
"34",2003,"SEdist","CSEO",382,0,22,0.0434143185824165,0.0428715642564354,0.0201945693422533,0.0730236665100946,0.000188385324700874,0.316462784206637,0.0374996876611788,0.0363147165042725,0.0178786108727846,0.0609693447424769,0.000124526003416415,0.300325344521122
"35",2003,"SEdist","SSEO",382,0,37,0.0365598341174739,0.0359161033291675,0.0183853644791497,0.0600857656376941,0.000109423162095311,0.283884811752472,0.0332427264338488,0.0326480192715769,0.0164524591251453,0.0553368089683859,9.55395433437701e-05,0.293742653198214
"36",2003,"SEdist","SSEI",382,0,30,0.0464884051411236,0.0449773328310016,0.0153471339806255,0.089737011238085,0.000376261077190843,0.414245140326445,0.0374083944689979,0.0370256045770812,0.012819499001938,0.0722965989062503,0.000227009431112854,0.394932674621026
"37",2004,"SEdist","EYKT",382,0,29,0.0269092106133517,0.0257373508634038,0.0106672703905954,0.0479272161160236,9.17148380501921e-05,0.360848368372976,0.0245542375839164,0.0233763686502379,0.00892584231403728,0.0456326439686202,8.70662422834343e-05,0.381477612287524
"38",2004,"SEdist","NSEO",382,0,8,0.0393805168511688,0.0383338627730565,0.00376285420221052,0.102802547208598,0.000833901674200793,0.71913172277823,0.0311349565261162,0.0298714900343474,0.0026376104249529,0.0821581197641641,0.000522119073107384,0.733698098626245
"39",2004,"SEdist","NSEI",382,0,28,0.00053473608911535,0.00053473608911535,0,0.00161757666957392,3.02416876371745e-07,0.990754748945859,0.00045626498375349,0.00045626498375349,0,0.00182505993501396,2.07961847377677e-07,0.993520225627241
"40",2004,"SEdist","CSEO",382,0,22,0.112015875815712,0.108467927913502,0.0371274556272584,0.238653295860977,0.00294774069719162,0.475613379116658,0.0831401609025871,0.0780034184176124,0.0284927437183085,0.16796870183892,0.00125629074285401,0.435906198015352
"41",2004,"SEdist","SSEO",382,0,37,0.0463502134404828,0.0450400123709387,0.0144977432091672,0.0886752523392994,0.000355638324620329,0.405364174256912,0.0416683690460906,0.039617883380806,0.0146031373940588,0.0816117006962733,0.000296344949214948,0.407886377669466
"42",2004,"SEdist","SSEI",382,0,30,0.127155382042784,0.117040160971498,0.0390326957207746,0.245046027469146,0.00311390997767512,0.449926411419116,0.0757985919394045,0.0743765522000437,0.0275496122122927,0.13734063254815,0.000813344366469661,0.371980409839726
"43",2005,"SEdist","EYKT",382,0,29,0.0255653591423618,0.0250753582750818,0.00768296241181636,0.046534174513887,9.89175789385724e-05,0.389057794892977,0.0220894816665222,0.0219028332746542,0.00709801590492571,0.0387897920913648,6.94512154670408e-05,0.37634155219197
"44",2005,"SEdist","NSEO",382,0,8,0.0534381025043326,0.0534381025043326,0.0145072574484339,0.0993089473779151,0.000560829920059314,0.442843182051477,0.0308868184549625,0.0306540525105522,0.00920130187940485,0.0595103062766027,0.00018343152613777,0.43667686956431
"45",2005,"SEdist","NSEI",382,0,28,0.0060753280093198,0.00599529808672221,0.00146687629115189,0.011332677248567,6.99344055845351e-06,0.433217704700115,0.00427266556689231,0.00399994430025142,0.00126443496351685,0.00776311652840397,3.16579499064731e-06,0.425323622959886
"46",2005,"SEdist","CSEO",382,0,20,0.0816392897623092,0.0815261061923163,0.0424716380805974,0.130641312320321,0.000483831056969782,0.264200067502937,0.0681434050295871,0.0673960414661125,0.0362407433902637,0.107956086233582,0.000335378696380595,0.266786544374465
"47",2005,"SEdist","SSEO",382,0,39,0.0484978939905897,0.0481049346522693,0.0269488592468827,0.0726662429452945,0.000142177914952579,0.2452993927476,0.0426239348005167,0.0422546882754452,0.0242418816591915,0.0634450383184152,0.000105901421478349,0.240050285998219
"48",2005,"SEdist","SSEI",382,0,30,0.0254661220601269,0.0247611583800619,0.0107921724461311,0.0422019543656569,6.53898623183727e-05,0.321734693277153,0.0216846688163411,0.0212759251872962,0.00867276579618773,0.034578042888147,4.52719918541792e-05,0.314142905856997
"49",2006,"SEdist","EYKT",382,0,29,0.0131719287180814,0.012874536152209,0.00472116544690505,0.0235434000353405,2.44233009404057e-05,0.377868259041695,0.0120202424499473,0.0117994686734773,0.00345288864398896,0.0215872865015405,2.06831883791876e-05,0.378669185247887
"50",2006,"SEdist","NSEO",382,0,8,0.11686352007257,0.108463518509354,0.0157718959731544,0.255568548739555,0.00418593779067816,0.566104925914707,0.0455724183949809,0.0450076341191289,0.0139541149575441,0.0790605726978779,0.000305089207609345,0.391751447498536
"51",2006,"SEdist","NSEI",382,0,28,0,0,0,0,0,NA,0,0,0,0,0,NA
"52",2006,"SEdist","CSEO",382,0,22,0.102227204835594,0.102193198853845,0.0576406262750943,0.151248561003763,0.000579010822793307,0.2342044194139,0.0759093288648754,0.0750497028343049,0.0462549573632701,0.108048892710602,0.000275199970814298,0.220208476344585
"53",2006,"SEdist","SSEO",382,0,37,0.0433047246373332,0.0429905339769239,0.0186306643965099,0.0714366083836199,0.000173906319799892,0.300925916288532,0.0368474822696164,0.0353152709949244,0.0175623456301481,0.0605489848885214,0.000121820855727518,0.301712070622453
"54",2006,"SEdist","SSEI",382,0,30,0.0523207844505064,0.047922515158252,0.0107666033896547,0.106957479692641,0.000647170267986425,0.494723755742707,0.0446032123884203,0.0425123406551351,0.0107687384744204,0.0950209583994747,0.000473205823010406,0.48367884759893
"55",2007,"SEdist","EYKT",382,0,29,0.0258232069313469,0.0241794553892793,0.00293156264278761,0.0615146846082046,0.000258065463480765,0.61832630497107,0.0189709133786683,0.0176247027638678,0.00214700700986558,0.0464082513845972,0.000140081978300626,0.629951636196389
"56",2007,"SEdist","NSEO",382,0,8,0.0621214022645988,0.0608826025459689,0.0102545687796125,0.148947952684258,0.0015263823874948,0.616647262567635,0.0277773047012064,0.0275742749131322,0.00657160219422638,0.0631239775723092,0.000240120907149414,0.552209381220791
"57",2007,"SEdist","NSEI",382,0,28,0.00215422253043612,0.00215422253043612,0,0.00646266759130837,4.64029843971613e-06,1.00904082607231,0.00175854900443765,0.00175854900443765,0,0.00527564701331295,3.19726175543962e-06,0.983363496105503
"58",2007,"SEdist","CSEO",382,0,22,0.14841647706223,0.142893818516707,0.0509244122267009,0.271762075325163,0.0033745594516616,0.389003566777674,0.0969121746400885,0.09364543499878,0.0336105282508112,0.17399798804795,0.00130322326819049,0.375742899635928
"59",2007,"SEdist","SSEO",382,0,37,0.0421938842883495,0.0413370129265272,0.0172817824844701,0.0723104375106092,0.000211984255775792,0.345536746453692,0.0356533835300284,0.0344031460553855,0.0149102001646367,0.0668067299924236,0.000168398615614147,0.363293504931495
"60",2007,"SEdist","SSEI",382,0,30,0.0565039254525481,0.0546663246052753,0.00919269073516933,0.123486996369543,0.0008492450096633,0.50826566580087,0.040614163307862,0.0371244357780392,0.00796369807786656,0.0838516843069085,0.000382814050587264,0.491022058007269
"61",2008,"SEdist","EYKT",382,0,29,0.0399489696298366,0.0377691761166347,0.0122566917695735,0.079723800585782,0.000301953545708151,0.435460089336175,0.028114902325088,0.0275443464728064,0.00922773714301685,0.0546339833267058,0.000144294194346838,0.426262368077477
"62",2008,"SEdist","NSEO",382,0,8,0.0415623273286826,0.0413304572230441,0.00668490783410138,0.0974836104383654,0.000639157967188742,0.601903939067844,0.0322151684211931,0.0312644029666372,0.00422364364471687,0.077416205555629,0.000422602293049603,0.639236763082796
"63",2008,"SEdist","NSEI",382,0,28,0.00202658888730013,0.00202658888730013,0,0.00475379560785666,2.00982520254637e-06,0.679622731675909,0.00149071967832225,0.00149071967832225,0,0.00392335083354611,1.17230587957419e-06,0.732638142581425
"64",2008,"SEdist","CSEO",382,0,21,0.107774308070921,0.103411165613432,0.0453577202760114,0.183950664723219,0.00126567710053796,0.328727288096566,0.0813698039413646,0.0777720806943863,0.0367411632203389,0.140614786020397,0.000778029268732348,0.343589108625962
"65",2008,"SEdist","SSEO",382,0,38,0.0241817873535769,0.0237008574632711,0.014725663169989,0.0357475668632167,2.98321553235478e-05,0.227387033024864,0.0200829120878309,0.0191923797401732,0.0104714595873679,0.0311050808551198,2.73875987251853e-05,0.264161423777259
"66",2008,"SEdist","SSEI",382,0,30,0.0246984725328899,0.0237694504147403,0.00868625411510709,0.0445748590494034,8.42235109211122e-05,0.373546799976683,0.0185899126521833,0.0180490302568429,0.00614397832764869,0.0340674767460897,5.04838350417246e-05,0.385676378369565
"67",2009,"SEdist","EYKT",382,0,29,0.0649576505735341,0.0631178801844565,0.0210143604646961,0.138660241799521,0.000948375077544282,0.457398073430684,0.0407179455792572,0.0384606712349231,0.0132558022840273,0.0792977499743664,0.000301128242226979,0.427375221788094
"68",2009,"SEdist","NSEO",382,0,8,0.0389115960471381,0.038143532079982,0.010343137254902,0.0726569277790529,0.000281377780725362,0.426966127359585,0.0221494355023024,0.0221839702134179,0.00491377417668583,0.0413496258734584,8.53248153582477e-05,0.411373947107968
"69",2009,"SEdist","NSEI",382,0,28,0.00385365792582538,0.00309813492063492,0,0.0100499277670952,9.00181675369354e-06,0.786986623275336,0.00271413629651149,0.00218302745297407,0,0.00761130004599705,4.55842929708293e-06,0.807872407262047
"70",2009,"SEdist","CSEO",382,0,21,0.0963184228097614,0.0939817884285135,0.052198090508027,0.151229713518221,0.000668508191366542,0.269172621774658,0.0748656050918552,0.074184661675849,0.0371570800352951,0.124425846863893,0.000483327808268308,0.291277710103005
"71",2009,"SEdist","SSEO",382,0,38,0.0497763886020725,0.0487620761543987,0.0235617349252264,0.0844706236893226,0.000235807827359051,0.309763857444297,0.0405358641124441,0.0395914222517003,0.01787498491603,0.0700201146420507,0.000191154445781923,0.33508701070734
"72",2009,"SEdist","SSEI",382,0,30,0.0506476935934971,0.0465854539577697,0.00578748637724283,0.131292947892055,0.00124653393667326,0.697601418911447,0.0423924905158037,0.0407588670583773,0.00474701168039427,0.105212402719764,0.000892253920789208,0.70051644788209
"73",2010,"SEdist","EYKT",382,0,30,0.0393958078780495,0.0379595116976494,0.0126765086199406,0.074449318668552,0.000256407684143443,0.402377804038369,0.0319494312282042,0.0304869915033007,0.00894725732125139,0.0642928031707123,0.000202226136139259,0.447966063506118
"74",2010,"SEdist","NSEO",382,0,8,0.0274362853468638,0.0265115941417271,0.00753571428571429,0.0548923686259789,0.000166234335194864,0.46319470135303,0.015746309829392,0.0154335506533438,0.00404042553191489,0.0297851660688747,4.29978710172924e-05,0.4172092323195
"75",2010,"SEdist","NSEI",382,0,28,0.00267461351404303,0.00267461351404303,0,0.0059247949812245,2.21149486202353e-06,0.537143487267354,0.00196261254679919,0.00196261254679919,0,0.00467882282793867,1.29515526622038e-06,0.567141070851537
"76",2010,"SEdist","CSEO",382,0,20,0.139130808241502,0.13346108739578,0.0645427604467476,0.228980275343064,0.00187069289946311,0.316056469485422,0.108421411379771,0.106035351832491,0.0511373553868217,0.200301511878723,0.00142939232623119,0.339662266281566
"77",2010,"SEdist","SSEO",382,0,39,0.0813742701363917,0.0804460301852174,0.0424251646590495,0.129244278378537,0.000467346835436769,0.26602264996191,0.0655466608302503,0.0646081828687914,0.0316757874743501,0.101074254802061,0.000323198399623524,0.275296142903873
"78",2010,"SEdist","SSEI",382,0,30,0.0519432629666215,0.0500807034710046,0.015190953269129,0.105886564927403,0.000576181619380996,0.459503304985472,0.0399450534012292,0.0379665706366811,0.0107824864279236,0.0787916185287101,0.000309308745859118,0.4463405330438
"79",2011,"SEdist","EYKT",382,0,29,0.0207464050914176,0.019998129675648,0.00650215132648334,0.0383750836762635,6.79415897602658e-05,0.398780470736208,0.014905522245402,0.0149277092700373,0.00560072770616572,0.0273741506733792,3.21649961782589e-05,0.372965420675869
"80",2011,"SEdist","NSEO",382,0,8,0.0288651780243869,0.0288651780243869,0.00554248231132076,0.0540361652158858,0.000158429110970585,0.428750376983215,0.0176428255175893,0.017071196268568,0.00328673076923077,0.0334560407011791,5.87295005538648e-05,0.435429882630678
"81",2011,"SEdist","NSEI",382,0,28,0.00150671932611595,0.00150671932611595,0,0.00401402702596689,1.20737335162934e-06,0.722435987745553,0.00118046503419418,0.00118046503419418,0,0.00320919423438995,7.05021547953659e-07,0.726620711655802
"82",2011,"SEdist","CSEO",382,0,21,0.0767155563814435,0.0708909457463389,0.0282147533451543,0.146390983715562,0.00109037769726562,0.442272089944748,0.0600544545885492,0.0565233029906387,0.0230275997245438,0.11938054044711,0.000674311251756969,0.430120389577014
"83",2011,"SEdist","SSEO",382,0,38,0.0313250268804284,0.0305068140300498,0.0163707078256033,0.0522029408770648,8.20391951916945e-05,0.289456722971448,0.0269631213058153,0.0261608070256071,0.0138648191850431,0.0441080509486706,6.24593116407843e-05,0.296009102465172
"84",2011,"SEdist","SSEI",382,0,30,0.0303878776488631,0.0293005466990295,0.00664436670394703,0.062906009515464,0.000208740624182751,0.479355830323372,0.028810790248051,0.0274149520611424,0.00666591086758025,0.0593579361914535,0.000195345705286884,0.486049439754735
"85",2012,"SEdist","EYKT",382,0,29,0.0154770051664282,0.0145879159705506,0.00382408003551208,0.0326476608289847,5.49990259436602e-05,0.475574147978712,0.0117246987530215,0.0111217710921459,0.00288632911900816,0.0258461979943583,3.79618737685691e-05,0.523437492849843
"86",2012,"SEdist","NSEO",382,0,8,0.0100721764311872,0.0100721764311872,0.00102705298013245,0.0216969611486156,2.94012651575145e-05,0.539254965878715,0.00778118833896134,0.00778118833896134,0.000802717391304348,0.0161891042602494,1.70126187598412e-05,0.521916857123955
"87",2012,"SEdist","NSEI",382,0,28,0.00150259794311938,0.00114240070569076,0,0.00374670843384267,1.23456445801701e-06,0.761355801683628,0.00122754423370712,0.000948396800360523,0,0.00313131652026182,8.73328791390544e-07,0.779829154417676
"88",2012,"SEdist","CSEO",382,0,22,0.0484249779743302,0.0472549030376879,0.0234677732513755,0.0798844341271083,0.000217042938905835,0.305391769579533,0.039532146792606,0.0386525468993084,0.0181416888612494,0.0618562497659265,0.000127085332209364,0.286901018968902
"89",2012,"SEdist","SSEO",382,0,37,0.0159459350066977,0.0157448907272209,0.00702670827275006,0.0285003346419697,3.09183096605425e-05,0.341365838051699,0.0134136512846837,0.0129696538939082,0.00549237992949298,0.0243516174674528,2.26281583200856e-05,0.354377724807653
"90",2012,"SEdist","SSEI",382,0,30,0.0185010733043099,0.0175004529714974,0.00230487247380536,0.0463066681767616,0.000170345476675764,0.697123100399525,0.0177103711954411,0.0172576929262115,0.00205167665943602,0.0467226075149043,0.000177027767800962,0.737026220114723
"91",2013,"SEdist","EYKT",382,0,29,0.0254027948497619,0.0231732383935529,0.00700895666084305,0.0522853269609816,0.000130264842210056,0.45371186491641,0.0156956355425925,0.0152251561473907,0.0048537975948502,0.0306687345833813,4.58201899470148e-05,0.428307662037884
"92",2013,"SEdist","NSEO",382,0,8,0.0650181293752237,0.0650181293752237,0.0145754581214622,0.143883837820764,0.00119842126379702,0.509251262280345,0.0493109331698397,0.0473100824580515,0.00770698051948052,0.108513122277284,0.000743478060659418,0.559099632723428
"93",2013,"SEdist","NSEI",382,0,28,0.00268030513176144,0.00268030513176144,0,0.00804091539528433,7.03117888192959e-06,1.00539040739233,0.00228158205430933,0.00228158205430933,0,0.00684474616292798,5.2087431670452e-06,1.02071454614663
"94",2013,"SEdist","CSEO",382,0,21,0.0436692974094078,0.0431289530070682,0.0220885424496062,0.0675776716073792,0.000135100064233486,0.266177580411472,0.0377837097111426,0.0379041801329084,0.017940944992152,0.0585101252482285,0.000106656086581307,0.274324336900419
"95",2013,"SEdist","SSEO",382,0,38,0.0207832029773149,0.0205837270170521,0.0106563191766495,0.0323175631232118,3.22619180548972e-05,0.272937254410945,0.0181606578457974,0.0180201894829299,0.00932632688980797,0.0282422702941255,2.42966616644685e-05,0.270401347684673
"96",2013,"SEdist","SSEI",382,0,30,0.022088246969699,0.0215096566494325,0.00608887546374073,0.0447570133395111,0.000104735037550724,0.457421766193029,0.0199340744142398,0.0192919762893932,0.00579310254127594,0.0428253512924634,9.11971552832371e-05,0.47146897828068
"97",2014,"SEdist","EYKT",382,0,29,0.0207453181294761,0.0199259922627955,0.00740416269920921,0.0366977182850954,5.90183867668964e-05,0.376023321737214,0.0142694587657903,0.0134930139368282,0.00507274331471635,0.0266488570909814,3.15030172928393e-05,0.398682080652449
"98",2014,"SEdist","NSEO",382,0,8,0.0221267571178777,0.0220043700659516,0.00500725518603704,0.0433652659996037,9.55916760382474e-05,0.441500237443068,0.0152314622059715,0.0154884397975447,0.00389139344262295,0.029015953710031,4.45799765754831e-05,0.425377769572304
"99",2014,"SEdist","NSEI",382,0,28,0.00242640592687364,0.00242640592687364,0,0.00612806863302315,2.74081027517554e-06,0.69059793652563,0.00199706204927411,0.00199706204927411,0,0.00502137393584078,1.82988599075988e-06,0.713007039970598
"100",2014,"SEdist","CSEO",382,0,20,0.0625370395527935,0.0580808469739059,0.0262282600761164,0.105220142110573,0.000434074414024487,0.342104394579012,0.0427284919964778,0.0425906180654645,0.0221959594924284,0.0661134253942106,0.000141205183638586,0.275501732723535
"101",2014,"SEdist","SSEO",382,0,39,0.047822416485433,0.047292746476094,0.0280396584618584,0.0703603064243503,0.00012076090877321,0.229677440440894,0.0391283492540973,0.0394300968536816,0.0230186733880498,0.0573128858240347,7.82145063895038e-05,0.223951300983434
"102",2014,"SEdist","SSEI",382,0,30,0.0185315611594847,0.0170901873376731,0.00189915866242184,0.0457555917348711,0.000146200790308982,0.65870612509402,0.0131074268413126,0.0116115483566545,0.00167898764028406,0.0307341921636821,6.05694547063579e-05,0.602712571534902
"103",2015,"SEdist","EYKT",382,0,29,0.0360641933348348,0.0349411942163524,0.0151978094193757,0.0679992986773817,0.000191671498838104,0.379654770820793,0.0212212364965004,0.0210484973957868,0.0085381184264396,0.0393979695373711,6.27883347641619e-05,0.362156805371958
"104",2015,"SEdist","NSEO",382,0,8,0.0170260815717406,0.0170260815717406,0.00430437657547088,0.0285326019414205,3.75224251108644e-05,0.361885061680402,0.0118033703998395,0.0114837368725422,0.00353894812415493,0.0202190298851677,1.64320534454211e-05,0.349804798998545
"105",2015,"SEdist","NSEI",382,0,28,0.00140355625808696,0.00127740198281753,0.00012615427526943,0.003152929900714,7.15437231027547e-07,0.615251474044548,0.00100055505644746,0.000886053695939258,9.99990591644439e-05,0.00227112762647456,3.07181930797089e-07,0.572118041267496
"106",2015,"SEdist","CSEO",382,0,20,0.0300253158529296,0.0302273574961317,0.0153155944839933,0.0484561754535994,7.21522171712855e-05,0.278212825889018,0.0224770174201187,0.0221816036482239,0.0124421228068103,0.0343400808168303,3.14736867773597e-05,0.250782400958867
"107",2015,"SEdist","SSEO",382,0,39,0.0335707215795097,0.0328847565940559,0.0195784281222093,0.0506537343635975,6.3492764971731e-05,0.237467922687596,0.0295882428634692,0.0296618145646014,0.0169566585029582,0.0444790611044886,4.9613541455518e-05,0.235588335255326
"108",2015,"SEdist","SSEI",382,0,30,0.0233992681179927,0.0229784674132813,0.0108362918936892,0.0378363808867758,4.73702669165636e-05,0.295590968838572,0.0199998467006441,0.0195908649771425,0.00967042136767631,0.0312579969679681,3.17852069619287e-05,0.283826496057886
"109",2016,"SEdist","EYKT",382,0,29,0.0280209950272355,0.0276190850481112,0.00847263872276477,0.0526194678895528,0.000132758562478479,0.40703327477131,0.0251162153124552,0.0227951541246434,0.0078776395709052,0.0501799482498198,0.000126532942338533,0.454572846776274
"110",2016,"SEdist","NSEO",382,0,8,0.0446268074932287,0.0437178671640915,0.00484788550799381,0.111784782968528,0.000906089459917951,0.658030592078159,0.0299397345070367,0.0288171729306821,0.00308704433497537,0.0752259030284994,0.000415678465333548,0.670528194317156
"111",2016,"SEdist","NSEI",382,0,28,0.00348889867237798,0.00323188465486798,0,0.00904318300566017,6.37740263595438e-06,0.707990292171468,0.00288797210499096,0.00253154185683536,0,0.00758708271247006,4.65747442795843e-06,0.776517358146583
"112",2016,"SEdist","CSEO",382,0,22,0.0491077920168143,0.0477103988683758,0.0205576128965188,0.0863506890281474,0.000261205359295924,0.327018026469319,0.0420641407290762,0.04044773731849,0.0169606476554052,0.0717922437352733,0.000208762003911102,0.346309983360047
"113",2016,"SEdist","SSEO",382,0,37,0.0646120391313301,0.0609997929542783,0.0150262835525731,0.148779246851446,0.00153632679286333,0.626177826700821,0.0247778795196075,0.0247916486733585,0.0124227480167119,0.0402179924432251,4.97237979742138e-05,0.281786461209151
"114",2016,"SEdist","SSEI",382,0,30,0.0183578530835578,0.0173853555785371,0.00255597867773302,0.0444312915932058,0.000137784128310788,0.64265647727262,0.0160019644295143,0.0150191694225782,0.00243386482513986,0.0387410504592452,0.000103311776650763,0.652841010522824
"115",2017,"SEdist","EYKT",382,0,29,0.0862402009506325,0.0817295880636216,0.0364950413681624,0.148517501017442,0.000773290506287507,0.325637827723937,0.0521126062016925,0.0506686454219941,0.0242024086328114,0.083320066027816,0.000228918191900789,0.292024190426463
"116",2017,"SEdist","NSEO",382,0,8,0.00627327057362634,0.00627327057362634,0,0.0152976902724971,1.5067785081782e-05,0.642218423109791,0.00484902685842465,0.00484902685842465,0,0.0100149680989034,8.57457068208833e-06,0.602878507234152
"117",2017,"SEdist","NSEI",382,0,28,0.00121918444318893,0.00121918444318893,0,0.00324399334804884,8.64115774179641e-07,0.759714924409554,0.000995437742467236,0.000995437742467236,0,0.00261461362956992,4.92307900388974e-07,0.720746369326169
"118",2017,"SEdist","CSEO",382,0,22,0.023138898001179,0.022742293558653,0.00954749534787826,0.0418863766099887,7.54777948518363e-05,0.368356069670988,0.0201284524661553,0.019440699423864,0.00785036627878554,0.0376367346686867,5.64075217100523e-05,0.371317815387207
"119",2017,"SEdist","SSEO",382,0,37,0.0252956895210855,0.0252134688837531,0.0131677207652226,0.039572782956726,4.20263316326722e-05,0.257482365750156,0.0228217396833534,0.0226464834292648,0.0128619551258806,0.03488475481662,3.30409886447177e-05,0.251343163724016
"120",2017,"SEdist","SSEI",382,0,30,0.071591383052908,0.0671663775372465,0.00073264963438898,0.203267641603666,0.00392646074204782,0.907816340111432,0.0715391950577827,0.0701377526292189,0.00139530334570248,0.202517801935689,0.00369143982901155,0.80739383972313
"121",2018,"SEdist","EYKT",382,0,26,0.0989863065386508,0.0943513911543504,0.0197834736900834,0.220912492328449,0.00296237079482624,0.548201730117632,0.0788028368890478,0.0754661652914089,0.0145074741533033,0.196066741899379,0.00242564057948935,0.610018127493117
"122",2018,"SEdist","NSEO",382,0,8,0.0424765165973143,0.0424765165973143,0.00460922330097087,0.0924730434782609,0.000563556525401828,0.551682991576612,0.0363823684998554,0.0333658728986824,0,0.0779426186960472,0.000406161566355022,0.575450815091909
"123",2018,"SEdist","NSEI",382,0,40,0.0062550678311733,0.00607450526252884,0.00196852757001159,0.01167140231445,6.24076661853316e-06,0.399612449884381,0.00575956817296718,0.00561038952891806,0.00175376859454875,0.0103521873406064,5.14669023402083e-06,0.394563869965902
"124",2018,"SEdist","CSEO",382,0,25,0.0697906930186584,0.0692078471163045,0.0446578687401771,0.097740446024167,0.000194172610249017,0.198895645371623,0.0630435328287074,0.0619763709126152,0.0379191880381239,0.0876968143741193,0.000157977683436348,0.201588674485473
"125",2018,"SEdist","SSEO",382,0,48,0.0433421857078145,0.0422137647536034,0.0156180833863683,0.0844718674983071,0.000317644585008266,0.409313040488835,0.0304220710170692,0.0298509162820777,0.0139552011498544,0.0513668368922893,8.90765024010358e-05,0.308904628153507
"126",2018,"SEdist","SSEI",382,0,44,0.041778244980609,0.0412382893014286,0.0175640713458193,0.068971087694735,0.000168112672831918,0.311830271446201,0.0388568227889121,0.0376183356587128,0.0180684304501975,0.0648948939993985,0.00015009563589514,0.316226098468531
"127",2019,"SEdist","EYKT",382,0,30,0.0465149979553221,0.0429552200649594,0.0103672365884867,0.0956583412864161,0.000457513477710038,0.468436092843089,0.0368435734372543,0.0362365366560508,0.00787231906551591,0.0776111409199278,0.000320585630939679,0.474395007718335
"128",2019,"SEdist","NSEO",382,0,10,0.0506414773481371,0.0493936758399549,0.014337458030476,0.0941877515011769,0.000421921184023737,0.404571084799074,0.042836674028302,0.0407950879808278,0.0116872297044947,0.0874501671703568,0.00038038948155621,0.452452127522518
"129",2019,"SEdist","NSEI",382,0,25,0.015321259652714,0.0148109133235669,0.000418915950726614,0.0429015335679451,0.000165496278063186,0.869135740638403,0.0141787977259488,0.0138531625084408,0.000338351512949073,0.0403242015941586,0.000147941362924774,0.851360731826888
"130",2019,"SEdist","CSEO",382,0,21,0.0647926347548762,0.0634023538607058,0.033093032714947,0.101505990365508,0.000317853662415702,0.27398119229067,0.0531604032714711,0.053165235371162,0.0268606139519339,0.0827775118302908,0.000209218984051476,0.269875731365902
"131",2019,"SEdist","SSEO",382,0,40,0.0384160142506113,0.0372181258664902,0.0209621594210618,0.0581006184378624,8.77105118366819e-05,0.245998400180388,0.0353497856572574,0.034701526579289,0.0185240886318184,0.0538192261732323,8.42277533761217e-05,0.261144609322933
"132",2019,"SEdist","SSEI",382,0,33,0.0226088528729107,0.0223646682888302,0.00856852472917574,0.0397168046600701,5.95108103075104e-05,0.340526644184668,0.0202408579343608,0.0197460259062368,0.00732176769229028,0.0337697015097738,4.59865582874835e-05,0.336640378240862
"133",2020,"SEdist","EYKT",382,0,30,0.0291975408811102,0.028272531985363,0.00847959385951998,0.0588571615993284,0.000175342035896528,0.45182314023845,0.0187482227451393,0.018343223496721,0.0071192792066539,0.0330585536681474,4.4052597733311e-05,0.35219083194426
"134",2020,"SEdist","NSEO",382,0,8,0.0133728727978247,0.0131884506427792,0.0054627226503009,0.0216253824116561,1.65450446714133e-05,0.30407793170362,0.0125042766813702,0.012505117401512,0.00513403790554065,0.0212409200871965,1.58979208928221e-05,0.315154733924888
"135",2020,"SEdist","NSEI",382,0,34,0.00799653728538715,0.00730544035350144,0.000886643171766602,0.0211459447992797,3.17729360465991e-05,0.707117777845169,0.00710672350113915,0.00657011933779779,0.000536604163341364,0.0191912321911622,2.55199122328211e-05,0.700891913126208
"136",2020,"SEdist","CSEO",382,0,26,0.0880934370041769,0.0861557565342826,0.0245394910625014,0.17079359511668,0.00152794813328017,0.437469753792155,0.0811728440059319,0.0763921935416017,0.0222746982952671,0.164705180491487,0.00146058687906796,0.470483794616756
"137",2020,"SEdist","SSEO",382,0,45,0.045200090344976,0.0459361083476938,0.0229647665129013,0.0706006020842647,0.000149335207639266,0.266698318149207,0.0389572779078199,0.0390291284279062,0.0186359459321693,0.0622369641324033,0.000128074123820353,0.287581523454735
"138",2020,"SEdist","SSEI",382,0,40,0.0658114669917145,0.062477763785817,0.0187301949080652,0.141629466191924,0.00116274099297063,0.524224406089218,0.0572188198533594,0.0553531366711323,0.0161511394804838,0.127837524083534,0.000941273474725559,0.527240197768495
"139",1998,"In.Out","SEO",382,0,96,0.0677847121005893,0.0665291150268119,0.0436921360765746,0.0971526117131226,0.000182589467805576,0.200920594065735,0.0577761635016289,0.0576539380549002,0.0385711338120335,0.0790235288589185,0.000111916940557598,0.182581756879297
"140",1998,"In.Out","SEI",382,0,59,0.0210936243098084,0.0196729966798333,0.00577517706319383,0.0441649425638419,0.00010298433992513,0.485767277861662,0.0185336822427071,0.0171106276988811,0.00444964521082376,0.0401363704116847,8.74926790476621e-05,0.508467972547568
"141",1999,"In.Out","SEO",382,0,96,0.0624612740492485,0.0608106138982811,0.0316947867823734,0.0996588569734505,0.000297058496869073,0.276023924096794,0.0489059854215046,0.0483080003087956,0.0292770587912859,0.0714543644679939,0.00012453039144796,0.229587220701329
"142",1999,"In.Out","SEI",382,0,59,0.0128491995651081,0.0125694148368608,0.00488661855051406,0.0229706816832475,2.07289823091211e-05,0.350919671810854,0.0118084700304371,0.0116344592824635,0.00518385008018724,0.0205459509343633,1.68678070911383e-05,0.343468794744354
"143",2000,"In.Out","SEO",382,0,96,0.0547563179322182,0.053258469872265,0.0312251804041043,0.092206326917569,0.000264727971798428,0.294404938574328,0.0489701697962378,0.0470537107951944,0.027189071211475,0.0880658795398122,0.00027379848594436,0.332512571463709
"144",2000,"In.Out","SEI",382,0,58,0.0165728788757396,0.0163849316185808,0.00780973830972109,0.027667827239985,2.51553802362035e-05,0.302155822326779,0.0150431627426828,0.0150867085360236,0.00691016274317267,0.0245407180966382,2.13884724741321e-05,0.30515559821607
"145",2001,"In.Out","SEO",382,0,96,0.0428571040004558,0.0420741486385356,0.025955862572589,0.0628210587916026,8.85910031796499e-05,0.220518003349718,0.0379623970968206,0.0375327437379117,0.0230172477080842,0.055169209536022,6.77652163076038e-05,0.218225792502584
"146",2001,"In.Out","SEI",382,0,58,0.0119745107922399,0.0116894777066077,0.00440354979025046,0.0225984725940196,2.10039541743519e-05,0.381267813091465,0.0106633960758397,0.0103245954932212,0.00367666475196296,0.0199583075199399,1.78685694302624e-05,0.391411427640082
"147",2002,"In.Out","SEO",382,0,96,0.0300961705213341,0.0298613023371926,0.0199503899449421,0.0411524447928234,3.08158029417475e-05,0.184459571159819,0.0273875711416741,0.0273098767724616,0.0178853178081167,0.0379906415066764,2.76604567101824e-05,0.190580578592871
"148",2002,"In.Out","SEI",382,0,58,0.0372037009154716,0.0359761568558659,0.0135218447934721,0.0658353178850864,0.000182312921097739,0.364725299634803,0.034766684340212,0.0338251567828534,0.0120025461450033,0.0621379886807466,0.000160650816570152,0.362684961218232
"149",2003,"In.Out","SEO",382,0,96,0.0398389860380805,0.0393120173184094,0.0249423768776883,0.0561497007104447,6.34995108339909e-05,0.20121115255199,0.0339392111691854,0.0335235828547055,0.0219905586166589,0.0464092898681765,4.20139832771332e-05,0.192139796709152
"150",2003,"In.Out","SEI",382,0,58,0.0202886967941004,0.0193386380018173,0.00649764395385445,0.0380485738689782,6.8854051629952e-05,0.410468311025893,0.0163998247321368,0.0156931449566407,0.00526960721940366,0.0319754139112491,4.57682678422842e-05,0.411008378089313
"151",2004,"In.Out","SEO",382,0,96,0.0668255337037802,0.064370994311669,0.0360520750989263,0.110080923551754,0.000349812588907828,0.279764573045891,0.0549411487057572,0.0539131534937242,0.0310645806293916,0.0866066517930897,0.0002055699768262,0.260442280321395
"152",2004,"In.Out","SEI",382,0,58,0.0529757400580284,0.0494631065156691,0.0155558462082685,0.112503511480326,0.000625693320702813,0.474000425524965,0.0321551092436878,0.0316975154576527,0.0113161338051889,0.060441562714857,0.000169186681973612,0.399726921506795
"153",2005,"In.Out","SEO",382,0,96,0.0589953789122955,0.0584825694762291,0.0419305592557801,0.0788656040828655,9.10528702826087e-05,0.162034800118994,0.0493814619821479,0.0479316120120941,0.0344054956240248,0.0648601048571857,6.38207302892862e-05,0.164802435172471
"154",2005,"In.Out","SEI",382,0,58,0.013478476640822,0.0134284895538674,0.00696990105072525,0.0220333646544092,1.49182026867493e-05,0.282106710821914,0.0110423202976297,0.0107251796425088,0.00515142821500979,0.0174232051205153,1.07528809827783e-05,0.300138118845366
"155",2006,"In.Out","SEO",382,0,96,0.0642246296828635,0.0636369828264104,0.0422856002119973,0.0870073225784062,0.000135662736550205,0.182210130904245,0.0471708880383499,0.0463510222448718,0.0317113240351859,0.0638161060436274,6.51992933130297e-05,0.172651633355136
"156",2006,"In.Out","SEI",382,0,58,0.021666115992983,0.0200382847561961,0.00512050951606531,0.0474257098099444,0.000118556170159533,0.506596174477053,0.0184702577267611,0.0166227050713827,0.00397754735235404,0.0383860488930442,8.33377372317319e-05,0.507992703040936
"157",2007,"In.Out","SEO",382,0,96,0.0756651033491034,0.074501330529512,0.0408288353835678,0.11732243355109,0.00038736718998976,0.259573954009298,0.052480103647934,0.0512672772337595,0.0303178049011356,0.0814731604898094,0.000171780170062063,0.249677374417495
"158",2007,"In.Out","SEI",382,0,58,0.0248292797704872,0.0232399370908387,0.00451641809644595,0.0552206602439129,0.00017494116266318,0.529464991447359,0.0179464427763355,0.0164632900949757,0.00472249583886976,0.0362562726117783,7.14237042568303e-05,0.475228274643593
"159",2008,"In.Out","SEO",382,0,96,0.0557737667309043,0.05491810513295,0.0353033303465042,0.0819802115943131,0.000139577678320326,0.211836061835032,0.0423194690432339,0.042159260666213,0.0267080903166408,0.0619568668222074,8.81070518171352e-05,0.218852842900558
"160",2008,"In.Out","SEI",382,0,58,0.0139888518460673,0.013783669394624,0.00522385290642017,0.0255489901859927,2.6862003649597e-05,0.369213106231896,0.0105083050940463,0.010235302041393,0.0035059521518467,0.0193526738539061,1.65194749033751e-05,0.388894729598934
"161",2009,"In.Out","SEO",382,0,96,0.0718181299892064,0.0716527876083897,0.0461342983707127,0.0998721402211807,0.000181253192984638,0.187795160643284,0.0531543147636326,0.0530046435547738,0.0341014516205389,0.0737723885471566,0.000103094452969392,0.192042919635578
"162",2009,"In.Out","SEI",382,0,58,0.024110252977727,0.0236048221578079,0.00402329696926586,0.0671462990388959,0.000270910773320422,0.650580045631979,0.0196412476589332,0.0184710227598591,0.00324676490838449,0.0490711641748477,0.000176099517758018,0.663754477077016
"163",2010,"In.Out","SEO",382,0,97,0.0994541720989034,0.098843267639721,0.0671496223581962,0.140074908273023,0.000355750907375777,0.18887738375393,0.0785868163804779,0.0781306515912316,0.0510972759806091,0.111189987961123,0.000234525393445404,0.194487435206865
"164",2010,"In.Out","SEI",382,0,58,0.0237520258031816,0.0226330376304812,0.00701497096769211,0.0502765331030314,0.000130347938341719,0.475926846189684,0.0182201446054571,0.0172776722072195,0.00535544313339053,0.0374012732216399,6.88305832186602e-05,0.451631463557066
"165",2011,"In.Out","SEO",382,0,96,0.0426093381581888,0.0420470020319038,0.0265810942298061,0.0630421091954223,9.5061605737221e-05,0.228130685512131,0.0337838086966545,0.0329104092945246,0.0206418630156189,0.0502255334926858,5.84199273034605e-05,0.227113469417368
"166",2011,"In.Out","SEI",382,0,58,0.0136650336352082,0.0129203665120385,0.003133547052289,0.0268826620421106,4.02683477203956e-05,0.468215793652666,0.012833985016302,0.0118071835760199,0.00245148266113487,0.0260765695914242,3.70913160718114e-05,0.478695764213248
"167",2012,"In.Out","SEO",382,0,96,0.0274672228643076,0.0271952421413621,0.0165958960145232,0.0389224354656838,3.47198283770766e-05,0.214664136920072,0.0222137944112505,0.0221780560673782,0.0137846506924253,0.0320437334584706,2.29008858436362e-05,0.2129494383664
"168",2012,"In.Out","SEI",382,0,58,0.0104372203927341,0.0100930910794637,0.00162721457045411,0.0257329397130442,4.83276869959055e-05,0.658966505841986,0.0098694022874827,0.00920790182845535,0.00147227661095453,0.0251083546229124,4.91773550918092e-05,0.729266266463524
"169",2013,"In.Out","SEO",382,0,96,0.0332294892533243,0.0329199757693201,0.0228110073868125,0.0460762674259823,3.57217007985345e-05,0.179166053891263,0.0266803544415098,0.0265640820201076,0.0176512080363665,0.0370220776093507,2.50240378421895e-05,0.186891631756173
"170",2013,"In.Out","SEI",382,0,58,0.0129727412940411,0.0125076760353375,0.00401619325012506,0.0252565469747089,3.05151106254959e-05,0.421511468070907,0.0116282649583817,0.0111363165653846,0.00350044204763299,0.0227242254520117,2.54765280943628e-05,0.436701191406271
"171",2014,"In.Out","SEO",382,0,96,0.0488169809076748,0.0487052669003191,0.0338242168062733,0.0659462632050502,6.57116315950205e-05,0.166372990121845,0.0363915999414126,0.0359612724466764,0.0251002939754548,0.0490167393965407,3.68574696162804e-05,0.167724822582311
"172",2014,"In.Out","SEI",382,0,58,0.00918461741213561,0.00841600994546648,0.00159640206101013,0.0209565643002338,2.84610108581617e-05,0.583066051648504,0.00663189315342042,0.0060720723453722,0.00137827772868181,0.0142402071529176,1.16439536944123e-05,0.525849961106986
"173",2015,"In.Out","SEO",382,0,96,0.0370070756481671,0.0367378155040108,0.0255224115115449,0.0490730373870639,3.68713502302195e-05,0.1644402827768,0.0280681659730173,0.0279639378914173,0.0193603263973261,0.0379286449688135,2.34152761080906e-05,0.171560034419364
"174",2015,"In.Out","SEI",382,0,58,0.0106418883430861,0.0107504198297087,0.00528219934281959,0.0170940735809034,8.7669400504336e-06,0.274832965228446,0.00899804527255408,0.00886627877101913,0.00423536985667047,0.0144952964170196,6.93948008952597e-06,0.292004451966858
"175",2016,"In.Out","SEO",382,0,96,0.0551162228708628,0.0526617993037296,0.0265606446537039,0.0957250991915341,0.000348841728517566,0.342038042911629,0.0326199724980061,0.0321803168673494,0.0215312382237984,0.0456790070266337,3.86272050383533e-05,0.190969850743925
"176",2016,"In.Out","SEI",382,0,58,0.0113900278405265,0.0106438708165861,0.00279047467688874,0.0250418904152645,3.75446215991731e-05,0.542990703225017,0.00983831498474392,0.00913264709010138,0.00224434554990498,0.0230687793362353,3.08909811229497e-05,0.56196963525803
"177",2017,"In.Out","SEO",382,0,96,0.0403476972046814,0.0397505717466355,0.0248714942495947,0.0595791616292985,7.8751397392189e-05,0.219236757990159,0.0302958088278311,0.0300573231670863,0.0197901663769534,0.0411230800940886,3.01733492667013e-05,0.181852318997821
"178",2017,"In.Out","SEI",382,0,58,0.0320775061862175,0.031146347397526,0.00102633895127295,0.0891189154218156,0.00070873600511704,0.823473178610604,0.0314148838496158,0.0296297886642193,0.00078222833906419,0.0883538493084139,0.00073604452085333,0.898054126929873
"179",2018,"In.Out","SEO",382,0,107,0.0651032979199039,0.063065703452527,0.0371256982351044,0.10252104492596,0.000279610490466814,0.256833943270339,0.0516659050456953,0.0505117203393304,0.0344435129523615,0.0753087802906439,0.000126105422926147,0.215505580170232
"180",2018,"In.Out","SEI",382,0,84,0.0246494286518119,0.0242687575828526,0.0121430108929406,0.0389626123757136,4.96792282125021e-05,0.286727105390398,0.0229000820144371,0.0227263784747124,0.0112306663645369,0.0374422757957041,4.74241423123942e-05,0.296416334691924
"181",2019,"In.Out","SEO",382,0,101,0.0506068423382706,0.0499245083506181,0.0334191134826939,0.0680574262026194,8.15718378396549e-05,0.17889644226485,0.042981292318016,0.0431821875839899,0.0292257309300504,0.0602886617130401,6.02137944191567e-05,0.178886910871239
"182",2019,"In.Out","SEI",382,0,58,0.0190684284710981,0.0185688213461852,0.00724612401587786,0.0341676413335146,4.67304497389877e-05,0.357828449124463,0.017258449230613,0.0165753233212731,0.00652887617758536,0.0309807300529358,3.7902657662528e-05,0.362084067513213
"183",2020,"In.Out","SEO",382,0,109,0.0534357680911481,0.0523138550876593,0.0298713551853507,0.0812159838559629,0.000165756591856215,0.241329465444801,0.0457155619499261,0.0442579339270619,0.0265081473964117,0.0721132866053946,0.000138733089588273,0.257717619986189
"184",2020,"In.Out","SEI",382,0,74,0.0389646975232681,0.0376873777347286,0.0131237380570102,0.0824771092345765,0.000374892121269555,0.488882455215767,0.0339426978652335,0.0321583370659147,0.01054266684272,0.0712842438664201,0.000266153639202383,0.487358646422665
